.Random.seed <-
c(403L, 10L, 1576487788L, 1728606447L, -1769661659L, -1667824164L, 
43869106L, 1035061933L, -99179929L, 282198414L, 1139590760L, 
398946923L, 461622281L, 542470808L, 676398534L, 815826209L, -1338497613L, 
866021666L, 427707156L, -1789922409L, -1042154611L, -557578588L, 
-517805942L, 681774837L, 146248015L, -298262954L, -693451520L, 
-278749117L, -504802335L, 1711270736L, 780828078L, 1829081945L, 
-460826261L, 1230192858L, 1572858268L, 749270431L, -1534244875L, 
-872364404L, 532706146L, -252241091L, 1274842039L, 692240478L, 
211393944L, -647657221L, 1342624921L, 1826747688L, 753325014L, 
1119438929L, -749843709L, 66914962L, 166664228L, 1889281767L, 
1240210237L, 200360884L, 373690394L, -447286427L, -1392488961L, 
596721798L, 2058996752L, 718024371L, 554564945L, -1490561792L, 
-724090914L, 1000946729L, -3056677L, 1696915690L, -475582836L, 
1377415631L, 1313408389L, 1352834620L, -765201646L, 347131917L, 
-1237527737L, -1588254418L, 1272037512L, -1781643893L, -337355415L, 
-753561800L, 2092626406L, -2044369535L, -1318995693L, 1222178498L, 
1862496628L, -498038409L, -1136362899L, -1656769276L, -193032150L, 
-379564651L, 1190285871L, 2071306038L, -1563926688L, 1836262819L, 
-708505919L, 520005296L, 43712974L, 892269881L, 1728506187L, 
-1627202822L, -235709444L, -2112414657L, 1017283861L, 1659694636L, 
-1392905470L, -1609510947L, -1860449577L, -1114356290L, 449478648L, 
-397591589L, -1625246151L, -95805560L, -492970186L, 562175345L, 
-553388125L, 82362098L, -567974332L, -1715615481L, -1387949859L, 
-887867948L, 435775738L, -1835528123L, -1922746209L, -676175322L, 
-1333479760L, -978691245L, 492418673L, -1841300576L, -107549890L, 
-44731831L, -1410062597L, -655321398L, 1826908204L, 1940205615L, 
1751273701L, -568641124L, 209961970L, 616349293L, -2009322585L, 
-1163192882L, 1108935464L, 245532971L, -2124311735L, -1146046376L, 
-918708986L, 1992915169L, -748097421L, -15250206L, -311583660L, 
1052402007L, -1228013235L, 1944458468L, -822187830L, -1661123275L, 
1166650255L, 627732630L, -820285376L, -480454397L, 1916646689L, 
139941392L, 102909422L, 1155185049L, -1146489301L, -484081894L, 
-1764678180L, 690605023L, -1694336075L, 392045900L, -1059728478L, 
-607642883L, -1211227145L, 1193893150L, -1382932520L, -814337733L, 
2107090649L, -1790485912L, 86780822L, 1510756113L, -57362237L, 
-1526740782L, 1909583204L, -538759001L, 1334978045L, -202573836L, 
-648052518L, -817606107L, -838873281L, -334201658L, -7098032L, 
811622771L, -1073263727L, 1701592512L, -252151906L, 1029294441L, 
1907526043L, -330064726L, 1598753484L, -1438264433L, 1999726533L, 
-288035972L, 763212754L, -1362549939L, 1420599815L, -191143442L, 
647560392L, 812929995L, 729249321L, 1191476344L, 1869396390L, 
-226485311L, 1257510995L, -333230334L, 1978161716L, -1847382089L, 
-1095684179L, -893645628L, -882196246L, -1466902699L, -240826129L, 
-1652064522L, -1806005728L, -303751197L, 209835137L, 228172528L, 
1871833486L, -748796167L, -94137205L, 124763322L, 594352060L, 
-203111169L, 1002244181L, 1818267668L, -1237903576L, -1757485510L, 
1763504592L, 384645484L, -1983024204L, -1373124078L, -1618401312L, 
1973742028L, -1626162976L, 1550191650L, -994716888L, 1165564428L, 
-1155497156L, -809721870L, -1100369168L, 1695160900L, 1859219032L, 
-1099065542L, 1236529136L, -1942969668L, -1106537196L, 1476713666L, 
2132946016L, -1337707140L, 912445392L, -128491230L, -2074945880L, 
1064236940L, -1926925124L, -864154830L, -241400256L, 2042582196L, 
-1359297464L, -1518205510L, 1961716240L, 2095774956L, 1209172308L, 
724595474L, -1792930400L, 212990668L, 344144480L, 184491970L, 
-513854680L, 1038145964L, -1586926276L, -403555470L, -1476821712L, 
422938404L, -1850686152L, 698476250L, -1061552240L, 1017690876L, 
384617364L, -418405310L, -1111476992L, 234608700L, -589759152L, 
1863316642L, 1647913800L, -89841908L, -12484900L, -1270231214L, 
-512838016L, -648521644L, -446553112L, 1673206522L, -61766320L, 
-6820052L, -2086689932L, -397315182L, 2006188640L, 926463884L, 
365262688L, -599510046L, 1438493608L, 1943321804L, 491076092L, 
-540178510L, -1939008016L, 1859106244L, 553535832L, -189702790L, 
1112833456L, -682691652L, 1980538964L, 1388695490L, -1022996448L, 
-1209773892L, -192329136L, -1556383774L, -1461264792L, 1346047564L, 
-1235336964L, 1753090034L, 1889920256L, -168602764L, 1742868488L, 
1242698170L, -330912304L, -905907220L, 1648864148L, -1895519278L, 
1015940960L, 901587276L, 1079800096L, -1031463038L, 843106024L, 
-896452372L, -1719724484L, -119286926L, -389212560L, -376200156L, 
1731067704L, -677873510L, 1121525456L, 1257905340L, 1365314196L, 
-1907142014L, 1319739584L, -837003972L, 1529526416L, 1512453666L, 
835170824L, -1869824756L, 1928614556L, -1177074158L, 852576640L, 
780802580L, -1428435416L, 133493050L, 614824912L, 451346028L, 
-312126668L, -1093528942L, 1833117024L, 1386683724L, -108571680L, 
-206245982L, 1804599208L, -1179629684L, -1610954052L, -208874638L, 
1768417520L, -60226492L, -1815853736L, -342212550L, -1347628176L, 
-2089962436L, 2070125332L, 881976770L, -421569312L, -395313284L, 
1754060496L, 1785506466L, -431160280L, 1957605644L, -974939204L, 
-1937105614L, 534857664L, -1184393676L, -2139511864L, -1980613446L, 
-1421525104L, -625933844L, 293139540L, -232256878L, -1930450144L, 
-499406388L, 1229411296L, 1064062658L, 450025000L, 296816300L, 
-1561313604L, -1664056846L, 994914608L, 1408477348L, 1582766776L, 
842405722L, 1330793872L, -1521345156L, 1942112532L, -1340701374L, 
1107899136L, -969366596L, -1719078064L, -1472717534L, -1263138488L, 
-178545652L, -425888676L, 1504969938L, 1525675008L, 605013844L, 
1902918120L, 1983439866L, 592003792L, 173935916L, 277955828L, 
985633682L, 2112590944L, 935254284L, -1203252512L, 1418960226L, 
-343738712L, 2055896652L, 576082812L, 947420978L, 908348016L, 
9670980L, 537724888L, -240610182L, 843639344L, -1762232644L, 
328075092L, -1106241982L, 741824416L, -2123176772L, 1501024720L, 
1352135010L, -1759850520L, 547017676L, 1382283004L, -1372269582L, 
-510038912L, 703178996L, 1135059080L, 2073252154L, -327196632L, 
-252111738L, 1658887859L, 1906155541L, -1918897550L, -1177411904L, 
939717417L, -1630166629L, -53823892L, -754681222L, -572843089L, 
-285376839L, -421138226L, -1336038884L, 566534541L, -714510345L, 
-1410075904L, 1773947230L, 1125952043L, 456877357L, 1148811674L, 
-1311557800L, -770720063L, 25403763L, 1104571028L, 655109922L, 
427276855L, -1242509567L, -173840890L, -171443132L, 1109589365L, 
-852082465L, -406731720L, -1217043434L, 520913955L, 13755365L, 
-728586750L, 898829424L, -801891815L, -1878215669L, -365291780L, 
1884958506L, -1899798177L, -1051051799L, -712220674L, -1141165076L, 
707589949L, -144905465L, -749985040L, -1256576370L, -898800453L, 
-120115043L, -2048099254L, 592143976L, 1461652049L, -1116882621L, 
-207040444L, -106814734L, -1771763001L, 424290449L, 361281046L, 
-393522060L, 1459080965L, -375095985L, 584933192L, -1326008602L, 
-1842825197L, -905879691L, 359190354L, -2086197344L, 562881161L, 
414418619L, -1492155124L, 1981597850L, 22343183L, 670050905L, 
-750303506L, 308434300L, 156325357L, -381750633L, -107967136L, 
377248062L, 1021026827L, 2065716877L, 1563687866L, 2123182584L, 
-1105322591L, -100633773L, 868670068L, -850232318L, 380464791L, 
-1682909087L, -1995836250L, -654711644L, -224811691L, 1820298751L, 
935453848L, 552268214L, -464795069L, -1249054843L, 2107780130L, 
1467481872L, 1989049017L, 899477355L, -1925001636L, 1654174602L, 
1133587327L, 938399433L, 550248286L, -1831386100L, 1439507421L, 
-593836313L, 1812240L, 859010606L, 1022307547L, 293437885L, -441737430L, 
1362315208L, 1785363697L, 719254115L, 41326180L, 135355794L, 
-1783104921L, 286298673L, 1352974198L, 1209181332L, 2074516133L, 
636802991L, -1479170968L, -1161607098L, -1239843341L, 991017301L, 
-1748251854L, -1573802240L, 1942633449L, 805291611L, -1482073940L, 
-1463726406L, 725699695L, 792545785L, 1813507214L, -142883492L, 
663516621L, 127580471L, 1789469632L, -110617442L, 1959395691L, 
